54 61
0 29
0 31
0 39
0 40
0 50
1 22
2 5
2 8
2 11
2 15
2 16
2 17
2 25
3 4
3 17
3 20
3 47
4 14
4 24
4 35
5 21
5 23
5 41
6 31
6 40
6 44
7 16
7 30
7 35
7 41
7 48
7 52
8 18
8 28
8 30
8 31
9 22
9 32
9 46
9 47
9 50
10 13
10 14
10 15
10 19
10 21
10 35
10 51
10 55
11 25
11 27
11 40
11 46
11 52
11 53
12 18
12 26
12 32
12 43
12 49
13 25
13 34
13 36
13 38
14 3
14 34
15 3
15 12
15 33
16 1
16 36
16 41
16 43
16 49
16 51
16 54
17 13
17 37
18 5
18 19
18 22
18 28
18 38
18 41
18 47
18 53
19 1
19 36
19 44
20 9
20 24
20 30
20 32
20 43
20 50
21 34
21 40
21 48
21 49
22 24
22 41
22 49
22 50
22 51
22 52
23 21
23 29
23 32
23 39
23 43
23 48
24 10
24 19
24 35
24 46
24 48
25 16
25 18
25 27
25 30
25 38
26 10
26 12
26 34
26 38
26 47
27 3
27 17
27 19
27 38
28 14
28 16
28 17
28 21
28 25
28 30
28 36
28 37
28 50
29 14
29 18
29 20
29 26
29 27
29 32
29 36
30 9
30 20
30 25
30 28
30 29
30 40
30 43
31 12
31 15
31 25
31 32
31 40
32 3
32 16
32 26
32 27
32 30
32 41
32 43
33 7
33 8
33 13
33 16
33 27
33 30
33 31
33 33
33 34
33 42
33 44
33 50
33 52
33 54
33 55
34 19
34 22
34 30
34 32
34 39
34 43
34 48
35 18
35 22
35 29
35 32
35 38
35 45
35 47
35 48
35 51
36 1
36 22
36 25
36 27
36 30
36 37
36 40
36 43
36 44
36 48
36 50
37 13
37 20
37 23
37 28
37 29
37 32
37 39
37 43
37 45
37 49
38 10
38 20
38 21
38 32
38 34
38 35
38 36
38 37
38 43
38 49
39 16
39 26
39 28
39 31
39 33
39 36
39 38
39 44
39 45
39 47
39 50
39 54
40 22
40 23
40 27
40 31
40 32
40 35
40 37
40 44
40 50
41 1
41 11
41 22
41 27
41 29
41 31
41 36
41 37
41 38
41 40
41 45
42 5
42 6
42 11
42 15
42 18
42 20
42 21
42 23
42 27
42 30
42 31
42 33
42 35
42 38
42 39
42 41
42 43
42 44
42 45
42 50
43 5
43 15
43 22
43 23
43 24
43 27
43 29
43 30
43 34
43 35
43 36
43 37
43 40
43 41
43 44
43 47
43 48
43 49
43 50
43 51
44 16
44 24
44 31
44 32
44 34
44 40
44 44
44 47
44 50
45 7
45 11
45 18
45 21
45 25
45 26
45 30
45 31
45 33
45 35
45 39
45 41
45 43
45 46
45 49
45 51
45 53
46 12
46 19
46 21
46 22
46 23
46 25
46 28
46 33
46 34
46 36
46 38
46 39
46 40
46 42
46 44
46 47
46 49
46 50
47 1
47 12
47 14
47 16
47 20
47 21
47 23
47 30
47 32
47 33
47 37
47 38
47 39
47 40
47 41
47 42
47 44
47 48
47 50
48 5
48 18
48 19
48 20
48 23
48 25
48 29
48 31
48 33
48 36
48 37
48 39
48 42
48 44
48 45
48 46
48 47
48 49
48 50
49 5
49 17
49 20
49 22
49 23
49 25
49 26
49 30
49 34
49 36
49 37
49 41
49 43
49 46
49 47
49 50
50 0
50 18
50 19
50 20
50 21
50 27
50 28
50 30
50 31
50 34
50 36
50 37
50 38
50 39
50 40
50 43
50 44
50 45
50 47
50 48
50 49
51 6
51 9
51 22
51 23
51 24
51 28
51 33
51 35
51 41
51 43
51 46
52 1
52 9
52 11
52 13
52 14
52 18
52 19
52 22
52 23
52 28
52 29
52 30
52 33
52 34
52 39
52 41
52 46
52 47
52 48
52 50
53 2
53 9
53 13
53 16
53 21
53 23
53 27
53 31
53 33
53 39
53 42
53 43
53 45
53 47
53 50
54 10
54 14
54 16
54 18
54 19
54 21
54 27
54 30
54 32
54 39
54 41
54 42
54 45
54 46
54 47
54 50
55 10
55 14
55 16
55 17
55 19
55 23
55 25
55 31
55 34
55 36
55 39
55 43
55 45
55 50
